-10.00 -2.16669487443709
-9.96 -3.35120053848269
-9.92 -3.95970792148674
-9.88 -2.73490488591535
-9.84 -4.94843731095827
-9.80 -3.55657067252647
-9.76 -1.71301805371848
-9.72 -0.565197375796562
-9.68 2.48309524421925
-9.64 1.16713798287963
-9.60 -0.0555285425285736
-9.56 -3.33931161595727
-9.52 -7.01867695964401
-9.48 -8.53645201328064
-9.44 -12.9496354178062
-9.40 -14.7608176634977
-9.36 -15.4202495250653
-9.32 -13.9186760450775
-9.28 -7.01613326402857
-9.24 -4.3816595358815
-9.20 -0.725690361481358
-9.16 3.28073554893226
-9.12 6.47456473761873
-9.08 6.06963485075366
-9.04 2.48574605118433
-9.00 0.0604400748880574
-8.96 -2.95709851152271
-8.92 -4.50892306502451
-8.88 -4.89726061847228
-8.84 -4.73563855087827
-8.80 -4.50318886100695
-8.76 -2.03695069347124
-8.72 1.24482350054707
-8.68 0.355062206159904
-8.64 0.799201633715032
-8.60 -1.43920361210238
-8.56 -2.26909680974311
-8.52 -3.49584215067506
-8.48 -1.45288278245665
-8.44 -0.714267274779111
-8.40 -1.17429518600977
-8.36 2.51533997928333
-8.32 2.78760440352141
-8.28 2.86651040669904
-8.24 3.43196425257982
-8.20 -0.314551719721501
-8.16 -6.26282168482704
-8.12 -10.6787461475572
-8.08 -14.7815611096603
-8.04 -16.1649076878625
-8.00 -16.3723566865542
-7.96 -16.0959324473994
-7.92 -10.2832038643439
-7.88 -6.24774270248952
-7.84 -0.68948354095669
-7.80 3.27808337329776
-7.76 3.46057202664496
-7.72 4.26804805978348
-7.68 2.70601551165709
-7.64 2.12464615272023
-7.60 0.791125438740364
-7.56 -0.919709474909761
-7.52 -2.56238627234815
-7.48 -4.24165496278188
-7.44 0.207436297455201
-7.40 0.37067914176192
-7.36 -1.60789428047794
-7.32 -0.265745584481063
-7.28 0.519155533543852
-7.24 -0.736883390651522
-7.20 -2.52078332195555
-7.16 -3.92726804029068
-7.12 -6.85140122084954
-7.08 -6.78038946561946
-7.04 -5.08277919138078
-7.00 -1.81451604278692
-6.96 -2.44142691763003
-6.92 0.0930572568279913
-6.88 -2.18772123524451
-6.84 -0.303360049443617
-6.80 -3.857460106138
-6.76 -5.76623235124466
-6.72 -5.93618195485703
-6.68 -2.26406823146087
-6.64 -1.2860327465485
-6.60 1.25994856357531
-6.56 1.97925129826407
-6.52 1.8049052607161
-6.48 3.27319568735095
-6.44 1.93421769680644
-6.40 -4.68661758510893
-6.36 -8.94078068828867
-6.32 -13.0150841473947
-6.28 -15.4581559826801
-6.24 -13.754994096355
-6.20 -14.951244284987
-6.16 -9.3732433560392
-6.12 -8.36262903211969
-6.08 -3.41228871510414
-6.04 3.50236740219684
-6.00 4.13630185187461
-5.96 5.93299272172731
-5.92 3.68347458617472
-5.88 1.3772174402827
-5.84 0.182745627967752
-5.80 -1.6664046363886
-5.76 -6.11406961943855
-5.72 -3.84827746190921
-5.68 -4.31195204272907
-5.64 -3.99230079833383
-5.60 -0.674341771094365
-5.56 0.106393073776285
-5.52 -1.51390634171171
-5.48 -1.58178769858093
-5.44 -2.98374198718947
-5.40 -2.2069365517227
-5.36 -2.62666937349985
-5.32 -1.73735563216876
-5.28 -1.28283991519348
-5.24 0.0691061057832982
-5.20 2.41357447475752
-5.16 5.97167257291451
-5.12 4.86125692225862
-5.08 3.30585509758214
-5.04 -1.41033496414146
-5.00 -6.46973153673601
-4.96 -11.3355043506473
-4.92 -13.7398221819226
-4.88 -18.2978181972769
-4.84 -18.5375607986132
-4.80 -12.2166608649108
-4.76 -10.3369054858044
-4.72 -3.88416420632454
-4.68 -0.687795248950813
-4.64 2.8004377275688
-4.60 4.41233698736444
-4.56 4.13482331607711
-4.52 2.62710591343941
-4.48 2.06369210122599
-4.44 -0.74708846694377
-4.40 -2.1018474426017
-4.36 -1.66612367340444
-4.32 -0.713048498899482
-4.28 -0.593234921519976
-4.24 -0.908203765928387
-4.20 0.206689414708857
-4.16 1.15688151575822
-4.12 -0.922746919193299
-4.08 -1.88156121323305
-4.04 -6.38426845838733
-4.00 -5.41991905245309
-3.96 -7.0539548838
-3.92 -4.29743745897898
-3.88 -1.75004063992333
-3.84 -1.66100098108969
-3.80 -0.974984775000214
-3.76 -2.93274086248019
-3.72 -1.37606306172298
-3.68 -1.6590839026994
-3.64 -5.067718254626
-3.60 -5.19615284662591
-3.56 -5.40712360152007
-3.52 -3.05772469686763
-3.48 -1.73340100752372
-3.44 -0.371003432971304
-3.40 1.50876796861424
-3.36 4.25842999933918
-3.32 2.675068299353
-3.28 0.252736776893228
-3.24 -4.11020641463289
-3.20 -10.6114393317681
-3.16 -14.39804698218
-3.12 -13.8600766982017
-3.08 -14.2103301170867
-3.04 -12.7706949209091
-3.00 -9.29427982434176
-2.96 -2.48421932429791
-2.92 -1.69088065333094
-2.88 3.69370135270385
-2.84 3.79139034542103
-2.80 5.95705515282817
-2.76 1.01194368637581
-2.72 -0.9393274032947
-2.68 -3.35952092495246
-2.64 -3.9944857736464
-2.60 -3.69134239402419
-2.56 -3.77542207964008
-2.52 -2.28827049394135
-2.48 -0.801879205222183
-2.44 0.94957073658283
-2.40 -0.252183160362486
-2.36 -2.76003034336036
-2.32 -0.525449772703116
-2.28 -1.83589855958162
-2.24 -3.9297468964097
-2.20 -3.45664244506623
-2.16 -2.70264692877857
-2.12 0.286436606316638
-2.08 2.36276371773601
-2.04 2.47969496526408
-2.00 5.20576565676167
-1.96 1.52191802130664
-1.92 1.00206968045405
-1.88 -6.4955036202422
-1.84 -8.22697328425039
-1.80 -14.4647374454302
-1.76 -17.3245247228499
-1.72 -15.4507043054393
-1.68 -15.6875064355839
-1.64 -12.9602852407068
-1.60 -6.72685571413284
-1.56 -4.60035877840412
-1.52 -0.844780138080949
-1.48 3.59891031724944
-1.44 3.32374994155169
-1.40 2.01297501633858
-1.36 3.10349726481384
-1.32 -1.85355734737054
-1.28 -1.10473233333608
-1.24 -3.41225899600865
-1.20 -2.23035160806508
-1.16 -3.15599843693948
-1.12 -2.48363758482135
-1.08 1.91598621020262
-1.04 -1.03788720057322
-1.00 -2.15064537107117
-0.96 -3.10443695457897
-0.92 -1.93709154600109
-0.88 -6.1009128151113
-0.84 -7.51269082897593
-0.80 -6.92609123371582
-0.76 -4.56300732880202
-0.72 -2.59047554984192
-0.68 -1.69147231282378
-0.64 -0.861925963045419
-0.60 -0.251185233147163
-0.56 -2.87810988828178
-0.52 -4.36144538955456
-0.48 -4.36707317435151
-0.44 -5.56349594054435
-0.40 -3.85961118393369
-0.36 -1.37144570874302
-0.32 -1.20391215559769
-0.28 1.53397860041264
-0.24 1.63267668390594
-0.20 2.31623961121601
-0.16 -1.59375218493813
-0.12 -3.80284045548
-0.08 -7.27713553868498
-0.04 -12.3634271276429
0.00 -14.044839975445
0.04 -16.80721013512
0.08 -13.2029398056015
0.12 -12.8014597491049
0.16 -7.01948654193393
0.20 -2.19340731470604
0.24 -0.085332371695434
0.28 5.45334192572694
0.32 6.13801644086857
0.36 4.65842756937018
0.40 0.103554264035272
0.44 -1.36952568482826
0.48 -2.29502197429078
0.52 -4.75130387697362
0.56 -6.12310811704071
0.60 -5.11828323778408
0.64 -2.99895317041854
0.68 -1.4645113308384
0.72 1.26050288644594
0.76 -0.340979689254625
0.80 0.343855073510382
0.84 -1.4872539139116
0.88 -2.29663146913568
0.92 -3.31301474171971
0.96 -1.20530055992461
1.00 0.543808719830024
1.04 2.9019558400175
1.08 3.81722067008917
1.12 5.63688310639509
1.16 5.22238388913268
1.20 0.553265374118659
1.24 -0.107977997974538
1.28 -6.92880769133741
1.32 -13.5989803225008
1.36 -15.4372009934152
1.40 -19.2916358681783
1.44 -15.9789968964988
1.48 -14.0554438301533
1.52 -11.6014614372437
1.56 -6.77112684661228
1.60 0.227582563796563
1.64 2.52187784183902
1.68 3.60022253643642
1.72 4.7315279519221
1.76 0.648647291738595
1.80 -1.51813939883297
1.84 0.215539506682641
1.88 -1.65786872181149
1.92 -3.77429174557862
1.96 -0.225507713991344
2.00 -2.84528735833828
2.04 -0.0142741610512604
2.08 -0.40194172830034
2.12 1.41657453796137
2.16 -2.28148158343441
2.20 -1.90868846969607
2.24 -5.19229884037416
2.28 -6.7934343430291
2.32 -6.84266239272339
2.36 -4.66474148860775
2.40 -3.30590027793673
2.44 -2.62489437462221
2.48 -3.28180418310415
2.52 -2.99113145518758
2.56 -1.47275348794899
2.60 -3.99200830265138
2.64 -1.89402965847917
2.68 -3.335565777947
2.72 -2.22884481471951
2.76 -4.37392198454555
2.80 -1.29444145354458
2.84 2.14112417163898
2.88 1.61439900892029
2.92 3.97631739821885
2.96 2.74283188264683
3.00 -1.54336457346063
3.04 -5.60543326560262
3.08 -10.9514155604998
3.12 -12.6980825390352
3.16 -13.3857226799453
3.20 -13.1336266877297
3.24 -14.3826340887874
3.28 -10.0108857789767
3.32 -3.72212584118083
3.36 0.40312935299728
3.40 3.52875556216452
3.44 5.28312827288245
3.48 4.98724579851229
3.52 4.04996920696345
3.56 1.5078250059665
3.60 -1.30644776531332
3.64 -3.77056910133847
3.68 -5.45994045325336
3.72 -4.44389540958152
3.76 -3.45779621381259
3.80 -2.81831576112713
3.84 -0.952280404170603
3.88 -0.949241859662852
3.92 -2.01587299949713
3.96 -0.137619460677741
4.00 -4.60150278084566
4.04 -4.90972121101481
4.08 -2.36014355256289
4.12 -3.73973213297193
4.16 0.0572451099751454
4.20 1.35783637154387
4.24 3.14419369399756
4.28 4.93975402301271
4.32 1.99065704591971
4.36 1.91362615563812
4.40 -4.42835962785191
4.44 -10.0849281207277
4.48 -13.0470078893106
4.52 -17.3295841048456
4.56 -16.9386601327609
4.60 -15.980780095805
4.64 -13.7968978497512
4.68 -8.50484910392458
4.72 -3.435103773977
4.76 2.7050690026621
4.80 3.51446967512204
4.84 3.49621313865955
4.88 5.11365306932053
4.92 0.265485855314223
4.96 -0.765359417212311
5.00 -0.527879872144351
5.04 -2.95289083298677
5.08 -1.49358591624582
5.12 -2.49591720413293
5.16 -0.743956538203522
5.20 1.65586224758716
5.24 1.8674133902231
5.28 0.599375063604018
5.32 -1.80902837252593
5.36 -2.58888717741379
5.40 -3.8646650506998
5.44 -6.03246720006879
5.48 -6.45702685596123
5.52 -5.48392907312543
5.56 -3.45238361198941
5.60 -2.49295134497116
5.64 -3.0412894245123
5.68 -1.55699107385098
5.72 -0.541441291469897
5.76 -3.72030489594965
5.80 -4.19941925660362
5.84 -2.57359825742154
5.88 -5.57188920131294
5.92 -0.662969770965558
5.96 -2.34052420139509
6.00 0.000677431076451018
6.04 1.14907965158557
6.08 4.18260924509771
6.12 -0.506301256469379
6.16 -3.2380348831275
6.20 -5.94116431386494
6.24 -12.0565180267527
6.28 -13.7106010463872
6.32 -14.6291259322905
6.36 -13.889257431373
6.40 -10.3729574052822
6.44 -7.41434815285388
6.48 -3.59498921238822
6.52 2.11167546313291
6.56 6.14132324161637
6.60 4.95188072227105
6.64 3.88824586273059
6.68 0.253812807128566
6.72 -0.541474927825023
6.76 -1.74733999885246
6.80 -6.23085328166738
6.84 -3.16794382509598
6.88 -5.77736614545609
6.92 -0.838920990346226
6.96 -1.02780161635651
7.00 -0.582781425237245
7.04 1.19145453211772
7.08 -2.84686769257495
7.12 -0.949303624907348
7.16 -1.41616783584303
7.20 -1.84766311668189
7.24 -3.24111461729933
7.28 0.304722751026822
7.32 0.428160791752168
7.36 2.89353888828806
7.40 5.81466143097513
7.44 6.42022974159059
7.48 2.58917571850731
7.52 -2.83377088940474
7.56 -8.29663348998318
7.60 -11.0982960997888
7.64 -13.895264386498
7.68 -16.8767210260795
7.72 -16.4019503277367
7.76 -13.8175982792531
7.80 -8.66982112536113
7.84 -4.26416702570973
7.88 0.102711612552217
7.92 3.76298047157396
7.96 5.30116308157447
8.00 1.82182864526502
8.04 3.85121452430559
8.08 0.400867091877242
8.12 -3.19650652392655
8.16 -1.02955363333103
8.20 -4.18308397847718
8.24 -4.18129508631045
8.28 0.568710882305804
8.32 0.269879022728928
8.36 1.66222682807586
8.40 0.978532387666446
8.44 -2.88061883931047
8.48 -2.06640713505219
8.52 -3.74589581226622
8.56 -4.75394720084672
8.60 -6.20349253912643
8.64 -4.69936095790979
8.68 -2.1716182698252
8.72 -3.47583136295407
8.76 -2.73306931560826
8.80 -1.28305691946448
8.84 -0.109363972029908
8.88 -0.877016534002097
8.92 -3.4309555833008
8.96 -5.05700350995378
9.00 -5.12154824369998
9.04 -3.85578935986394
9.08 -1.71467486675079
9.12 -0.249172138184442
9.16 2.75123898182992
9.20 3.29578385185324
9.24 0.197115780869726
9.28 -1.99155183095013
9.32 -2.58687712765606
9.36 -6.8239831327485
9.40 -14.0284403684718
9.44 -12.972330016223
9.48 -13.7332103746951
9.52 -13.4672970416176
9.56 -10.7368701142543
9.60 -3.99184632992585
9.64 -2.3276597177789
9.68 4.75817562057871
9.72 4.06298142886775
9.76 3.79147277668606
9.80 3.07727611922522
9.84 -0.687417434353214
9.88 -0.106306190857886
9.92 -5.94288236382075
9.96 -5.57706325323234
10.00 -5.243757565229
